ReturnForPortfolio,Percentile,Weight_equity,Weight_Gold,Weight_Gsec
0.14853113322852932,0.04995004995004995,0.3833342028599774,0.31706715399674246,0.29959864314328016,
0.14859794805607077,0.14985014985014986,0.3704825809702597,0.32981660999069234,0.29970080903904794,
0.14863670106497892,0.24975024975024976,0.3610242110721686,0.3391202792649136,0.2998555096629178,
0.14873351871579982,0.34965034965034963,0.39254404022243633,0.30984010336628576,0.2976158564112779,
0.14877825525273392,0.44955044955044954,0.3787322920430614,0.32333550558401564,0.29793220237292295,
0.1489397040561087,0.5494505494505495,0.3761160604264295,0.32705903386884333,0.2968249057047272,
0.14904575946668175,0.6493506493506493,0.31799055441619745,0.3832259194771984,0.29878352610660414,
0.14904697174404063,0.7492507492507493,0.29459361586500304,0.40551798527964855,0.2998883988553484,
0.14906348762793056,0.8491508491508492,0.3524006404488424,0.3505896518515469,0.2970097076996107,
0.1490705481676706,0.949050949050949,0.302205165172214,0.398448776506412,0.299346058321374,
0.14912398411318417,1.048951048951049,0.3009752729738449,0.4000278271373676,0.2989968998887875,
0.14921457804576155,1.1488511488511488,0.3667340459121227,0.3380916201281094,0.2951743339597679,
0.1492527252292219,1.2487512487512487,0.3773607690908924,0.328261991914389,0.2943772389947186,
0.1492870355991935,1.3486513486513487,0.3305167673609997,0.3731371545738078,0.29634607806519253,
0.14929459709970166,1.4485514485514486,0.2698998729767052,0.43092527040623674,0.299174856617058,
0.14933629501697496,1.5484515484515484,0.28870501369210927,0.41333375965148456,0.2979612266564062,
0.14934749166895192,1.6483516483516483,0.4069886132050799,0.3007680568975496,0.2922433298973705,
0.14937802823699325,1.7482517482517483,0.32366737440774856,0.38035467771920484,0.29597794787304665,
0.14938351763739244,1.8481518481518482,0.37070439092726887,0.335599369180559,0.29369623989217214,
0.14948396758898805,1.948051948051948,0.3698653149516194,0.33716493710659284,0.29296974794178776,
0.14949607373024915,2.047952047952048,0.2205441024408063,0.4794680978885242,0.2999877996706696,
0.14951695901953366,2.1478521478521477,0.3018550406749185,0.40218840656025767,0.2959565527648239,
0.14954180300201467,2.247752247752248,0.2876631601700343,0.415894056843876,0.2964427829860897,
0.14955352793062532,2.347652347652348,0.3818030954289792,0.3263263687594614,0.29187053581155936,
0.1495763581980236,2.4475524475524475,0.23941588883648995,0.4621075358418102,0.29847657532169986,
0.14959286959278795,2.5474525474525476,0.3196039433752281,0.3858638849553326,0.29453217166943935,
0.14959545263714574,2.647352647352647,0.36595878943916765,0.34173608716291637,0.292305123397916,
0.14959809642934202,2.7472527472527473,0.33483319554708596,0.371399705486199,0.29376709896671505,
0.1496688211820887,2.8471528471528473,0.39586253334748506,0.31381612127151703,0.2903213453809979,
0.14967472454599573,2.947052947052947,0.2629637493278763,0.44043153373141886,0.29660471694070484,
0.1496904140534568,3.046953046953047,0.35617868048134876,0.3517750529202156,0.29204626659843563,
0.14969923368520024,3.1468531468531467,0.27369240050686855,0.43040077095107787,0.2959068285420535,
0.14975641349233476,3.2467532467532467,0.3158047202303638,0.39073005859484805,0.2934652211747881,
0.1498145739703845,3.346653346653347,0.21983112908569552,0.4825773225065196,0.2975915484077849,
0.14982892759064867,3.4465534465534464,0.36874322166659906,0.340865691776261,0.2903910865571399,
0.14983784588722965,3.5464535464535465,0.3501831615730037,0.3586100010988702,0.29120683732812613,
0.14986381503763987,3.6463536463536466,0.22290645515916135,0.4800241545558368,0.29706939028500184,
0.1499730886122786,3.746253746253746,0.26422122534005216,0.4415104965920843,0.2942682780678635,
0.14998425401544643,3.8461538461538463,0.3274634355882375,0.38136496691359334,0.2911715974981692,
0.1500230183578483,3.946053946053946,0.4122531032704337,0.3009086170452944,0.2868382796842719,
0.1500461482778542,4.045954045954046,0.35464624112346316,0.35594882251982257,0.28940493635671427,
0.15006112488864284,4.145854145854146,0.30957835138858897,0.398984929314915,0.29143671929649606,
0.1500907839999971,4.245754245754246,0.3042078756354886,0.4043259753177929,0.29146614904671847,
0.15010279189225528,4.345654345654346,0.24681043598054436,0.45908186800113127,0.2941076960183243,
0.15010788583893392,4.445554445554445,0.2694106343452684,0.43759672034725616,0.2929926453074755,
0.1501079445167109,4.545454545454546,0.281693655088816,0.42589904397270006,0.2924073009384839,
0.150109766220674,4.6453546453546455,0.4016398917572071,0.3116783438510476,0.2866817643917453,
0.1501311414028932,4.745254745254745,0.24178548417402373,0.4640838508841426,0.29413066494183365,
0.15015148650669263,4.845154845154845,0.32031455783715895,0.3894494347548516,0.29023600740798944,
0.15017082424373057,4.945054945054945,0.4097952041892257,0.30437725493327356,0.28582754087750073,
0.15017638215128226,5.044955044955045,0.2971069880698926,0.41174185663342,0.2911511552966874,
0.15018278496618995,5.1448551448551445,0.2874333045843503,0.42100375007427354,0.29156294534137617,
0.1502040963149623,5.244755244755245,0.2138774118087972,0.49121964438942994,0.29490294380177284,
0.15025900928671818,5.344655344655345,0.3360923942172496,0.3752433262350459,0.28866427954770446,
0.1502695678732454,5.444555444555444,0.23552215733788945,0.47110514223488437,0.2933727004272262,
0.15029265089778188,5.544455544455545,0.33313963573132827,0.37831216960878566,0.28854819465988607,
0.15030877716526786,5.644355644355644,0.3284353409819322,0.38291549950797643,0.2886491595100914,
0.1503487253405081,5.744255744255744,0.2310848736995867,0.47593511260264676,0.2929800136977665,
0.1503527021626822,5.8441558441558445,0.34097116470150307,0.37131176442563757,0.28771707087285936,
0.15036501482124265,5.944055944055944,0.39768933431045955,0.3173883653389288,0.28492230035061167,
0.15037752990938624,6.043956043956044,0.40971143137009886,0.3060342320758674,0.28425433655403376,
0.15039705536897316,6.143856143856143,0.35268678235306444,0.36049244588143325,0.2868207717655023,
0.15040219232149774,6.243756243756244,0.3031988542259571,0.4076630383416447,0.2891381074323982,
0.150414379136097,6.343656343656344,0.21976130913714936,0.48722041593392806,0.29301827492892263,
0.1505108283212477,6.443556443556443,0.3768261005336601,0.3383707048637786,0.28480319460256126,
0.1505236263987091,6.543456543456544,0.23355846293665777,0.47491383128992154,0.2915277057734207,
0.1505465145691713,6.643356643356643,0.4039702172746917,0.3127914361147644,0.2832383466105439,
0.1505511282966683,6.743256743256743,0.23409262681031545,0.4746149467637921,0.29129242642589237,
0.15056575397413569,6.8431568431568435,0.2766139454574957,0.4342300172964165,0.2891560372460878,
0.1505985871195372,6.943056943056943,0.3291074650821702,0.3844866717300553,0.2864058631877745,
0.15061368084511403,7.042957042957043,0.3609471116579747,0.354278342470264,0.28477454587176126,
0.1506154850155157,7.142857142857143,0.2694963546117864,0.44138813539246247,0.2891155099957511,
0.15071169296017933,7.242757242757243,0.3247826979768001,0.3894685142985689,0.2857487877246311,
0.15072118257545725,7.3426573426573425,0.27752332194124846,0.43454988597625244,0.2879267920824991,
0.15072342430003974,7.442557442557442,0.3321005085361974,0.38258867726809415,0.2853108141957085,
0.1507624469525146,7.542457542457543,0.23331730438752013,0.4769657408560341,0.28971695475644577,
0.15078072173785495,7.642357642357642,0.3141480834808141,0.40012342578929816,0.2857284907298878,
0.1507907807264829,7.742257742257742,0.4074787436859382,0.3113137650934475,0.2812074912206143,
0.15089261495246004,7.842157842157842,0.22093552639119568,0.4897511197865486,0.2893133538222557,
0.15096001206171217,7.942057942057942,0.40474543092808685,0.3152081811317779,0.28004638794013526,
0.15099884420681406,8.041958041958042,0.3959659056402603,0.3238659350469469,0.2801681593127928,
0.15101004491947156,8.141858141858142,0.33999068477156785,0.37726117369999107,0.2827481415284411,
0.15103266156128983,8.241758241758241,0.2788176042686363,0.43569386386584713,0.2854885318655166,
0.1510938086367088,8.341658341658341,0.33651836733985335,0.38120727425628886,0.28227435840385784,
0.15112419987883585,8.441558441558442,0.3461869141086948,0.37223101678577053,0.28158206910553474,
0.15114073692308067,8.54145854145854,0.3683021122950983,0.3512950868746799,0.28040280083022184,
0.15114757828370176,8.641358641358641,0.38504275552730155,0.33540380527510844,0.27955343919759,
0.15116337771451843,8.741258741258742,0.21483874096787542,0.4976235447537434,0.28753771427838126,
0.1511794567753745,8.84115884115884,0.2605431217242236,0.45421821472570145,0.2852386635500749,
0.15119378602857014,8.941058941058941,0.21588661406878357,0.4968575893294713,0.28725579660174505,
0.15119707590320444,9.040959040959041,0.3709485722706905,0.349204521222833,0.2798469065064765,
0.15120128032130298,9.14085914085914,0.40610629744879495,0.31575302769028296,0.2781406748609221,
0.1512028109802441,9.24075924075924,0.26503040314549303,0.45012280593137816,0.2848467909231288,
0.15120775861312222,9.340659340659341,0.41754030537293124,0.3049129181447363,0.27754677648233245,
0.1512580667209555,9.44055944055944,0.25130636151673685,0.4636149410474485,0.2850786974358147,
0.1512698756107976,9.54045954045954,0.21444145353306804,0.4988145080338888,0.28674403843304314,
0.15128395867736086,9.640359640359641,0.3426793163843132,0.3767905708577687,0.28053011275791817,
0.1512970662827418,9.74025974025974,0.3739195904168489,0.3471379186578403,0.27894249092531076,
0.15133082823058297,9.84015984015984,0.2975687501102328,0.420110669665823,0.2823205802239442,
0.15135657625030594,9.94005994005994,0.36164694854480145,0.3592802275681443,0.27907282388705423,
0.15137866020641422,10.03996003996004,0.34258836328221093,0.377599778978276,0.27981185773951306,
0.1513846974088891,10.13986013986014,0.2358343503721893,0.47931641126569746,0.2848492383621133,
0.15141098281650564,10.23976023976024,0.41138798065827703,0.312322908968145,0.27628911037357795,
0.15141664834412313,10.33966033966034,0.25586132969395886,0.46048687293957574,0.2836517973664654,
0.15143895236188004,10.43956043956044,0.36613611848546973,0.3556333656724108,0.2782305158421195,
0.15147840862036518,10.53946053946054,0.21559485803811335,0.4993071630339161,0.2850979789279705,
0.15149833469020307,10.639360639360639,0.32603386728123435,0.3942791111362718,0.27968702158249387,
0.15154314611558925,10.73926073926074,0.2834232733321324,0.4352025782620498,0.28137414840581776,
0.1515598674667782,10.839160839160838,0.36476226385120486,0.35786439901496236,0.2773733371338328,
0.15160880454539638,10.939060939060939,0.41718291574960137,0.3083133266235975,0.2745037576268011,
0.15166346742875578,11.03896103896104,0.3602276567505545,0.36297355815579385,0.27679878509365163,
0.1517153886424537,11.138861138861138,0.2176210808415308,0.4991856165910506,0.2831933025674186,
0.15173494132372678,11.238761238761239,0.33575886416037587,0.3868225441954954,0.27741859164412874,
0.15181279267036055,11.338661338661339,0.38064488307759375,0.34466793827245684,0.2746871786499494,
0.1518173941769514,11.438561438561438,0.39530317883563687,0.3307427558834999,0.27395406528086325,
0.15181923711759038,11.538461538461538,0.35042707581423,0.37349599676421075,0.27607692742155926,
0.15186746970780163,11.638361638361639,0.22402384870342235,0.4942481377157497,0.28172801358082794,
0.1518848726075659,11.738261738261738,0.4056377677729474,0.3214151525345806,0.272947079692472,
0.15188983111290413,11.838161838161838,0.288516540948032,0.4329970989532179,0.27848636009875005,
0.15189353619397644,11.938061938061939,0.3281225190762039,0.3953053607318782,0.2765721201919179,
0.15197096770896365,12.037962037962037,0.39973813932902874,0.3276907684534357,0.27257109221753556,
0.1519902787455443,12.137862137862138,0.4241224609693926,0.3046149328585877,0.2712626061720197,
0.15199123011205729,12.237762237762238,0.33386928526225806,0.39057766422306245,0.2755530505146795,
0.15201335345454078,12.337662337662337,0.42381422991150913,0.3050845497662739,0.27110122032221695,
0.1520347288216185,12.437562437562438,0.3158686875137063,0.4080530052885638,0.2760783071977299,
0.152050343783442,12.537462537462538,0.36036729043016585,0.36579249486017895,0.2738402147096552,
0.15207867252230833,12.637362637362637,0.3518424625119348,0.37412753718916547,0.27403000029889973,
0.15221413070408452,12.737262737262737,0.236358269074408,0.48514613395349027,0.2784955969721018,
0.15222851047148345,12.837162837162838,0.22896679095734057,0.49229536205602537,0.27873784698663406,
0.15227198604660738,12.937062937062937,0.22959792586261135,0.49202600550898246,0.27837606862840625,
0.1523094002928753,13.036963036963037,0.37873828404122517,0.35027293463789383,0.270988781320881,
0.15231278954398153,13.136863136863138,0.33593193936848725,0.3910667741252366,0.27300128650627614,
0.15231308161922033,13.236763236763236,0.395670790793973,0.33417481422560497,0.27015439498042204,
0.15232989092500251,13.336663336663337,0.3779418050204855,0.35118783309545576,0.2708703618840587,
0.15233437438205225,13.436563436563437,0.3498828841155284,0.3779448451093732,0.27217227077509837,
0.152344017276321,13.536463536463536,0.35457530814261423,0.3735494430150156,0.2718752488423702,
0.15234609922303166,13.636363636363637,0.4093193879093419,0.32142806917757855,0.26925254291307954,
0.1523492070932604,13.736263736263735,0.29743747272467397,0.4280060704972337,0.27455645677809226,
0.152356101716854,13.836163836163836,0.2748128138669515,0.44960598836240545,0.27558119777064305,
0.15235614421766547,13.936063936063936,0.31706910398666405,0.40936219551381886,0.2735687004995171,
0.15241642511576545,14.035964035964035,0.2987023500658131,0.42731430748512417,0.27398334244906275,
0.15242836978893848,14.135864135864136,0.4315902487801995,0.3008454450360777,0.2675643061837228,
0.1524502009944881,14.235764235764236,0.37875371098669947,0.35133257155051756,0.26991371746278303,
0.15245045083333775,14.335664335664335,0.3767697342896988,0.35322398094236107,0.27000628476794014,
0.15245585936871964,14.435564435564435,0.36467193137697734,0.3647869748546689,0.2705410937683538,
0.1524616842366152,14.535464535464536,0.37471391125576464,0.35526762161915204,0.2700184671250833,
0.15246241008996622,14.635364635364635,0.34751718381702595,0.38117482531248603,0.27130799087048807,
0.15247290317233125,14.735264735264735,0.23525089139317484,0.4881752506904246,0.27657385791640055,
0.15248182086906914,14.835164835164836,0.2937337926477735,0.4325452494523354,0.2737209578998911,
0.15250080542670968,14.935064935064934,0.33296822994747927,0.3953239444800399,0.27170782557248085,
0.15250615629168773,15.034965034965035,0.23085591078658813,0.49261467576289153,0.2765294134505204,
0.1525360129089123,15.134865134865136,0.38027699039578017,0.3505365851626677,0.2691864244415521,
0.15255011845853578,15.234765234765234,0.3198729551342852,0.4081719098829345,0.2719551349827803,
0.15258751163345702,15.334665334665335,0.27636013448578595,0.44989803890091357,0.2737418266133005,
0.15265084355108624,15.434565434565435,0.38798098485165927,0.34407561590692093,0.2679433992414198,
0.15265145541431563,15.534465534465534,0.4220524472228749,0.3116312474843405,0.2663163052927846,
0.15265356635157667,15.634365634365635,0.2903157988236961,0.43711092650293704,0.2725732746733668,
0.15266368431780458,15.734265734265735,0.39759188131872664,0.33502035092059607,0.2673877677606773,
0.152664669069585,15.834165834165834,0.2903074773919208,0.43720356698980456,0.2724889556182746,
0.15266655718530717,15.934065934065934,0.3201391811299626,0.40880680506026545,0.271054013809772,
0.1526751379749574,16.033966033966035,0.2395847806344929,0.48559081404277443,0.27482440532273267,
0.15269258474019834,16.133866133866135,0.4312421442790903,0.30319297081065794,0.26556488491025176,
0.15269312696125903,16.233766233766232,0.4231307385098027,0.3109222623953899,0.2659469990948074,
0.15270951619331297,16.333666333666333,0.35393934531719823,0.3769439307612153,0.2691167239215865,
0.1527470056188897,16.433566433566433,0.3437604647995281,0.3869241598399308,0.2693153753605411,
0.15275332659597737,16.533466533466534,0.34029594847990824,0.3902719317073343,0.2694321198127575,
0.15281036515306815,16.633366633366634,0.29194819413266776,0.43675266011069114,0.27129914575664105,
0.15283653472597897,16.733266733266735,0.336839295375379,0.3941988746360527,0.2689618299885683,
0.15284313104659633,16.833166833166832,0.4311537428428808,0.30442585231512564,0.26442040484199353,
0.1528747614806756,16.933066933066932,0.38381561191809394,0.3497511662842534,0.2664332217976527,
0.1528870822763027,17.032967032967033,0.248959045209648,0.47828010104743507,0.2727608537429169,
0.15292040508106697,17.132867132867133,0.255572000779747,0.47223630093398333,0.27219169828626966,
0.1529426814901081,17.232767232767234,0.41183418000295463,0.32358503423971896,0.2645807857573264,
0.15296504228294558,17.332667332667334,0.3834179595390043,0.3508187384113532,0.2657633020496425,
0.15298282006986158,17.43256743256743,0.37620798565049646,0.35782103257852327,0.26597098177098033,
0.15300411434073904,17.532467532467532,0.4128419347381655,0.3230940084113887,0.2640640568504458,
0.15302477017632368,17.632367632367632,0.34657972482436633,0.3863585310341796,0.26706174414145406,
0.15307817652524153,17.732267732267733,0.41274928992511223,0.3237473465704943,0.26350336350439346,
0.1531064187304756,17.832167832167833,0.37025875296597605,0.36443004812534296,0.265311198908681,
0.15310928304416926,17.93206793206793,0.40011275784157235,0.33601949552914917,0.2638677466292785,
0.15310976869724147,18.03196803196803,0.321765173406444,0.41064000625916125,0.26759482033439475,
0.15312499365956495,18.13186813186813,0.3434590064242929,0.39009536545028584,0.2664456281254213,
0.15312583023215626,18.231768231768232,0.3070224484771689,0.4248032593722336,0.26817429215059746,
0.15313257255968965,18.331668331668332,0.3968173947501062,0.33933564130515503,0.2638469639447388,
0.15315793445200743,18.431568431568433,0.23012201578245423,0.4982867834105504,0.2715912008069954,
0.15318124663468108,18.53146853146853,0.3148659369671199,0.4177560995064064,0.2673779635264737,
0.1531902883409088,18.63136863136863,0.4011087949576935,0.3356889698767676,0.26320223516553887,
0.15320332386822078,18.73126873126873,0.3572654175121526,0.3775440628430412,0.26519051964480617,
0.15321253362628495,18.83116883116883,0.3995755178982408,0.3373189695503214,0.26310551255143777,
0.15322295693954893,18.931068931068932,0.35609105267853386,0.37881230952083983,0.2650966378006263,
0.15324429515893195,19.030969030969032,0.2678774141202533,0.4629881776107203,0.2691344082690264,
0.1532741330747391,19.13086913086913,0.2964023953110336,0.4360491752382589,0.26754842945070745,
0.15328483616329394,19.23076923076923,0.3032643413620241,0.42959564951741824,0.2671400091205577,
0.15329161485570553,19.33066933066933,0.2611467141440425,0.4697594290252106,0.2690938568307469,
0.15329650254444688,19.43056943056943,0.3420883862701731,0.392709356025002,0.2652022577048249,
0.15334311066081804,19.53046953046953,0.38939516806470703,0.34801086959124494,0.262593962344048,
0.1533723437655159,19.630369630369632,0.2780396376547987,0.4542868909191541,0.26767347142604714,
0.15338167098801628,19.73026973026973,0.39795727503919737,0.3401506963992325,0.2618920285615701,
0.15339428812104905,19.83016983016983,0.3251858442905215,0.40955314534604903,0.2652610103634295,
0.1534005145485668,19.93006993006993,0.3188615761772107,0.41562377104249626,0.265514652780293,
0.15341400246438394,20.02997002997003,0.368649428677369,0.3683096464777779,0.2630409248448531,
0.15345894102998522,20.12987012987013,0.2970029947513713,0.43688728614426103,0.26610971910436765,
0.15346769480122668,20.22977022977023,0.25921922601247954,0.47293864830593385,0.2678421256815866,
0.15349193210245776,20.32967032967033,0.3041483483220006,0.4303339087572966,0.2655177429207028,
0.15353112226537538,20.42957042957043,0.4198333314699903,0.32045667510209874,0.25970999342791096,
0.15353257919425325,20.52947052947053,0.3167176873117444,0.4186732434620519,0.2646090692262037,
0.15356262742345853,20.62937062937063,0.2545947213834711,0.478067291179804,0.2673379874367249,
0.15361619062170662,20.72927072927073,0.3914661374137128,0.34812215499267724,0.26041170759361,
0.1536309206223564,20.829170829170828,0.3199144809964661,0.41637903467484766,0.26370648432868626,
0.15368181838269007,20.929070929070928,0.4055135499554559,0.3352444055416869,0.2592420445028572,
0.15371180961121414,21.02897102897103,0.40226724827171906,0.338564961148516,0.259167790579765,
0.15373228218880466,21.12887112887113,0.31633133280432807,0.4205649624950598,0.2631037047006122,
0.1537377093254625,21.22877122877123,0.2395741806388822,0.4937084788651834,0.26671734049593443,
0.15377436273699682,21.32867132867133,0.41644623215101434,0.325538445663152,0.2580153221858337,
0.15377795585086518,21.428571428571427,0.42616449190650113,0.31631036894816383,0.25752513914533504,
0.1537843196712298,21.528471528471528,0.2536857750886716,0.48062449817404473,0.2656897267372837,
0.1537966213639917,21.628371628371628,0.3378177463722208,0.4005926125587552,0.261589641069024,
0.15384011222441252,21.72827172827173,0.36461470049836514,0.37540352542515176,0.2599817740764831,
0.1538505886200793,21.82817182817183,0.24452121870694193,0.48985829534470654,0.2656204859483515,
0.15385370353845695,21.92807192807193,0.28175376374585653,0.45442246832302197,0.2638237679311215,
0.15385405734657026,22.027972027972027,0.3570616047218534,0.38270335882323187,0.26023503645491475,
0.15387819621590385,22.127872127872127,0.33021709282150885,0.40845376350668827,0.2613291436718029,
0.15390774748229935,22.227772227772228,0.42549488667490803,0.31793841720412475,0.2565666961209672,
0.15391616520619736,22.327672327672328,0.42601090385533796,0.3175112003111105,0.2564778958335515,
0.1539299997830398,22.42757242757243,0.37529231368593746,0.3659202168738177,0.25878746944024483,
0.15394165528920653,22.52747252747253,0.4189767886600854,0.32440485578741274,0.25661835555250184,
0.1539454902508886,22.627372627372626,0.33676512195201297,0.402731003433551,0.260503874614436,
0.1539474755191058,22.727272727272727,0.25377506196242366,0.4817843651686159,0.2644405728689604,
0.15395966922240706,22.827172827172827,0.4388026339131193,0.3056605325709763,0.2555368335159044,
0.15396365082594668,22.927072927072928,0.27518268525875694,0.4615195565219324,0.2632977582193107,
0.15399813611084398,23.026973026973028,0.2718387962746936,0.46496734277237434,0.26319386095293207,
0.15402416279654335,23.126873126873125,0.3847332874317337,0.35764728341298313,0.2576194291552832,
0.1540320962337264,23.226773226773226,0.37991858972322373,0.3622932466161895,0.25778816366058677,
0.1540626268504422,23.326673326673326,0.28830990508427595,0.44977263373196397,0.26191746118376,
0.15410941137242648,23.426573426573427,0.26422784449752684,0.47306491988608573,0.2627072356163874,
0.15414116097180877,23.526473526473527,0.2775743550944279,0.4605962014550292,0.2618294434505428,
0.1541459591616214,23.626373626373628,0.3618237700887517,0.38039521181161284,0.2577810180996355,
0.15415107548226667,23.726273726273725,0.3064036115389323,0.43321539450255664,0.260380993958511,
0.15415840581893128,23.826173826173825,0.33497673695681957,0.4060588044396427,0.25896445860353773,
0.15416469649294634,23.926073926073926,0.338213441700918,0.40302422482663713,0.25876233347244487,
0.15417543732809405,24.025974025974026,0.37344002112188096,0.36955702955958,0.25700294931853906,
0.1541831372341286,24.125874125874127,0.42260937636027157,0.32278778713163286,0.25460283650809556,
0.15419987770178145,24.225774225774227,0.34769724806037866,0.39426045886298394,0.2580422930766374,
0.15421500417812237,24.325674325674324,0.38066474158858027,0.36297823870587087,0.25635701970554886,
0.154232631234903,24.425574425574425,0.40684471944795725,0.3381794039967414,0.2549758765553014,
0.1542411326529232,24.525474525474525,0.37870817416198926,0.36504100166015996,0.2562508241778508,
0.15426152889980876,24.625374625374626,0.33507102081848045,0.40675585389760455,0.258173125283915,
0.15427729519120914,24.725274725274726,0.439029945593798,0.30786757612058835,0.25310247828561366,
0.15427797508932728,24.825174825174827,0.309431196135543,0.43130024029486097,0.25926856356959604,
0.15428279220565805,24.925074925074924,0.3566923081833591,0.3863263776550633,0.2569813141615776,
0.15432255368325706,25.024975024975024,0.24849046245962086,0.4896792203947395,0.26183031714563965,
0.15435730269307985,25.124875124875125,0.3644247472364311,0.3795306698063544,0.2560445829572145,
0.1543756293275731,25.224775224775225,0.3577390888400693,0.3860378032818878,0.2562231078780429,
0.15444220637761022,25.324675324675326,0.3440583219195737,0.3995751075482581,0.25636657053216827,
0.15446516498293503,25.424575424575426,0.2885028826775096,0.4526602682477562,0.25883684907473425,
0.1545200726691563,25.524475524475523,0.31272130072067633,0.43001404366946333,0.25726465560986034,
0.15452075802450888,25.624375624375624,0.3868879186489054,0.35938434386060625,0.2537277374904883,
0.15454378493863088,25.724275724275724,0.442231970578948,0.3068513805799142,0.25091664884113785,
0.15456770804808762,25.824175824175825,0.3885529175642483,0.35815686468979746,0.2532902177459543,
0.1545819601708108,25.924075924075925,0.3730167085420513,0.3730620114561228,0.2539212800018259,
0.15460006091146464,26.023976023976022,0.25887978559125285,0.48190203861076586,0.2592181757979813,
0.15462410618178024,26.123876123876123,0.38147364733457473,0.36532935778928033,0.25319699487614494,
0.15462808911776146,26.223776223776223,0.274069718854774,0.46764928342385254,0.2582809977213735,
0.15467545875398922,26.323676323676324,0.41700232424885914,0.33188432369355125,0.2511133520575896,
0.15469471273005098,26.423576423576424,0.40430343647110895,0.34412542249662154,0.2515711410322695,
0.15469528394215898,26.523476523476525,0.24859328784892415,0.49242527593083185,0.25898143622024405,
0.15471714707084241,26.623376623376622,0.36106064726422155,0.3854802404944146,0.25345911224136386,
0.15472385942271594,26.723276723276722,0.2643512185809343,0.477635746133055,0.2580130352860107,
0.154746710979184,26.823176823176823,0.4290561717794223,0.32094812452041893,0.2499957037001588,
0.154755110221752,26.923076923076923,0.32839148983370353,0.4168834121728825,0.254725097993414,
0.15479128283750498,27.022977022977024,0.4271444656657262,0.32310888800448656,0.24974664632978721,
0.15479385789659056,27.122877122877124,0.39366595867949156,0.35501285324116133,0.2513211880793471,
0.154811345692311,27.22277722277722,0.38613272145881866,0.3623208048141856,0.25154647372699573,
0.15486304887314706,27.322677322677322,0.24922584039467205,0.4931029146003689,0.2576712450049591,
0.1548698602259378,27.422577422577422,0.3521832526108322,0.39510013160306146,0.2527166157861064,
0.1548736004685936,27.522477522477523,0.3721536554186588,0.37610922414161785,0.2517371204397234,
0.15490881139312537,27.622377622377623,0.29621184062954004,0.44870348263159043,0.2550846767388695,
0.1549582083248672,27.722277722277724,0.43719003191920597,0.3148153396667149,0.24799462841407918,
0.15495893602257674,27.82217782217782,0.2616882030179222,0.4819656210851721,0.25634617589690567,
0.15497442923013263,27.92207792207792,0.338559436266851,0.40887308116267407,0.252567482570475,
0.15500901439299736,28.021978021978022,0.2955901126744464,0.45006016800522325,0.25434971932033035,
0.15501565797972616,28.121878121878122,0.3612576164881332,0.38757033103561667,0.25117205247625013,
0.15502193621492322,28.221778221778223,0.3101904067911965,0.43625371049955414,0.25355588270924934,
0.15503734947901696,28.321678321678323,0.36028115328322324,0.38866580592144195,0.2510530407953348,
0.1550429287115404,28.42157842157842,0.3805741746495634,0.36938167420355883,0.25004415114687784,
0.1550437267056356,28.52147852147852,0.29228768074361106,0.45347020357086326,0.2542421156855257,
0.15504783174232767,28.62137862137862,0.2598541713297187,0.48439060619549495,0.2557552224747863,
0.15505920743213727,28.721278721278722,0.3566941823464717,0.39224875064747405,0.25105706700605424,
0.1551086996069485,28.821178821178822,0.37339371775143576,0.3767220511302497,0.24988423111831456,
0.15514661028994717,28.92107892107892,0.37452368493867666,0.37593515493642493,0.2495411601248984,
0.15517179349717766,29.02097902097902,0.2952830347364657,0.4515946509827031,0.2531223142808311,
0.15520566409614828,29.12087912087912,0.3382528829776113,0.4109293916121525,0.2508177254102362,
0.15521367887782728,29.22077922077922,0.3696938854348278,0.3810467103706085,0.24925940419456372,
0.15522093175194032,29.32067932067932,0.32683785243226143,0.42191735210324827,0.2512447954644903,
0.15523198925423953,29.420579420579422,0.3006859446864078,0.44690832058998087,0.2524057347236113,
0.1552583564883425,29.52047952047952,0.276301572474787,0.47033273600912595,0.25336569151608707,
0.15526992532711817,29.62037962037962,0.39156217115923103,0.3606489237409152,0.2477889050998538,
0.15528598658827122,29.72027972027972,0.3281034446522086,0.42120840283741096,0.25068815251038046,
0.1553145715039318,29.82017982017982,0.27315043777140297,0.4737627475276539,0.2530868147009431,
0.15535780158174578,29.92007992007992,0.2960066012688532,0.4523248074377059,0.2516685912934409,
0.15536211550615947,30.01998001998002,0.40376814385738163,0.3497276028901567,0.2465042532524617,
0.15537259738369344,30.11988011988012,0.4128021790181084,0.34120373139368504,0.2459940895882066,
0.15537478651384418,30.21978021978022,0.2808670899404923,0.4668729983044259,0.2522599117550818,
0.15538828383480108,30.31968031968032,0.3321085044886997,0.4181745996176497,0.2497168958936506,
0.1553893920746589,30.41958041958042,0.4513945891915249,0.3045771723108231,0.24402823849765198,
0.15540533021712394,30.51948051948052,0.2531651557746743,0.4934888660451499,0.2533459781801758,
0.1554297785547891,30.61938061938062,0.4063292070847046,0.34780477178119007,0.24586602113410533,
0.15544046957664245,30.719280719280718,0.26991939412005556,0.47780055443969516,0.2522800514402493,
0.15549468212831075,30.81918081918082,0.4000123847813228,0.35431602114159033,0.24567159407708689,
0.15560644973657065,30.91908091908092,0.27644081706695817,0.4728561226896624,0.2507030602433795,
0.15560652588679075,31.01898101898102,0.32746001286136545,0.42426695564633327,0.2482730314923013,
0.15569370932170956,31.11888111888112,0.4287103842903727,0.3285031773902425,0.2427864383193848,
0.15569949460420973,31.218781218781217,0.3138269289623625,0.4379602196280883,0.24821285140954924,
0.1557023566915833,31.318681318681318,0.28512094595510856,0.46532111046286373,0.2495579435820277,
0.15571069752793187,31.418581418581418,0.3601090521490405,0.3939674526704807,0.2459234951804788,
0.1557394223644115,31.51848151848152,0.35323875850712366,0.40072976912457847,0.24603147236829787,
0.15574558267518304,31.61838161838162,0.28261694786871067,0.4680356927644674,0.24934735936682195,
0.1557602905241251,31.71828171828172,0.34347881261961694,0.4101841899231792,0.2463369974572039,
0.1558028926304145,31.818181818181817,0.3299353728665387,0.42340777410006797,0.24665685303339335,
0.1558377726121153,31.918081918081917,0.37045133136748926,0.38508725612828765,0.2444614125042231,
0.15583907178576664,32.01798201798202,0.3671723156287186,0.38822004356843354,0.24460764080284786,
0.15586768121673267,32.11788211788212,0.4317304902254749,0.3269543139328744,0.24131519584165076,
0.1558749951531494,32.217782217782215,0.4172062640665923,0.3408427274041579,0.24195100852924983,
0.15591344599286172,32.31768231768232,0.40974272893760594,0.3482442469695025,0.24201302409289155,
0.15593566147480548,32.417582417582416,0.402820256468782,0.3550065902880285,0.24217315324318953,
0.1559701359503358,32.51748251748252,0.2973335313929701,0.4557332612545719,0.246933207352458,
0.1559732985305393,32.61738261738262,0.36913156971325606,0.3873782548791131,0.24349017540763085,
0.15598069156615973,32.717282717282714,0.26916846690079493,0.48263769390745753,0.24819383919174753,
0.1559885717485447,32.81718281718282,0.34506685822512145,0.4104135823663768,0.24451955940850173,
0.15601639947323165,32.917082917082915,0.32767376657720365,0.42719077391366445,0.24513545950913188,
0.15604756082148924,33.01698301698302,0.4116145534650623,0.3474848706537925,0.2409005758811452,
0.15605404872894382,33.116883116883116,0.4406938371066697,0.319839796910771,0.23946636598255927,
0.15608629967245,33.21678321678322,0.2625755931641868,0.48972243093717893,0.24770197589863424,
0.15614107815747233,33.31668331668332,0.2958037601251587,0.4584945006051445,0.24570173926969682,
0.15614409696058346,33.416583416583414,0.27790847866653673,0.47556067295675647,0.2465308483767068,
0.15616303261371497,33.51648351648352,0.41436931344319566,0.3457423537758937,0.23988833278091065,
0.15620204716008718,33.616383616383615,0.3075720419336094,0.4477518065563371,0.2446761515100535,
0.15620261578652958,33.71628371628372,0.3316249024386702,0.42484864124051047,0.24352645632081932,
0.15629368471955765,33.816183816183816,0.4155243707281215,0.3456391923960651,0.2388364368758134,
0.15632012306270407,33.91608391608391,0.2717777966122093,0.48274252635005427,0.24547967703773643,
0.1563307208618602,34.01598401598402,0.40783337813923554,0.353246543941037,0.23892007791972747,
0.1563458075523976,34.115884115884114,0.2778103762787328,0.4771931841988517,0.2449964395224155,
0.15635166728544994,34.21578421578422,0.2761427297466023,0.47882613081827075,0.24503113943512697,
0.1563664337419223,34.315684315684315,0.41724482191355255,0.3445557515053573,0.2381994265810902,
0.15636790812556442,34.41558441558441,0.4455587651305812,0.31760132007656383,0.236839914792855,
0.15637647710894859,34.515484515484516,0.40903491768281036,0.35245134630813635,0.2385137360090533,
0.15641414977130935,34.61538461538461,0.30269599795170327,0.4540140344810162,0.24328996756728055,
0.15642630276360248,34.71528471528472,0.43469684717004825,0.3283915712373579,0.23691158159259387,
0.15643243200638252,34.815184815184814,0.28695631029354945,0.4691437209020175,0.24389996880443301,
0.1564422733401186,34.91508491508492,0.39611658994500026,0.36525655969636867,0.23862685035863107,
0.15649130601260935,35.014985014985015,0.33982665624451697,0.4192401882894777,0.24093315546600536,
0.15653725159482104,35.11488511488511,0.35470269968532614,0.40542308813396594,0.23987421218070792,
0.1565653193817963,35.214785214785216,0.3093990321176581,0.4487836329452095,0.24181733493713234,
0.15658901466143116,35.31468531468531,0.358728596793021,0.40198385694364314,0.23928754626333587,
0.1566254593192955,35.41458541458542,0.25767401473774204,0.4985044688051086,0.24382151645714933,
0.15670164940916562,35.514485514485514,0.4444968577103742,0.32115915442602266,0.23434398786360314,
0.15672906415606241,35.61438561438561,0.3405086759062205,0.42040477348681093,0.23908655060696854,
0.15673530658813278,35.714285714285715,0.2637756266700169,0.49353155548759514,0.24269281784238794,
0.15673545717051576,35.81418581418581,0.4319479847660897,0.3333684292866596,0.23468358594725072,
0.15673906742204988,35.914085914085916,0.3492295446237231,0.41217550410407056,0.23859495127220637,
0.1567499733275024,36.01398601398601,0.3969881747588319,0.36677427266740675,0.23623755257376133,
0.15675105829510524,36.11388611388612,0.43769467994529637,0.32801442078671406,0.23429089926798957,
0.1567528866840351,36.213786213786214,0.37846377744654397,0.38443879886870336,0.23709742368475267,
0.1567715946250561,36.31368631368631,0.2921689626699269,0.4667671449206574,0.24106389240941567,
0.15682344658801028,36.413586413586415,0.3741841549824459,0.3890530149974106,0.23676283002014353,
0.15683986286197493,36.51348651348651,0.29988354531772826,0.45994081393186315,0.24017564075040856,
0.15687284874076296,36.613386613386616,0.41353635016500506,0.35195165012295926,0.2345119997120357,
0.15688677484001948,36.71328671328671,0.31270876423388366,0.4480842552465417,0.2392069805195746,
0.15689126470854783,36.81318681318681,0.4121782135452699,0.35338563101354364,0.23443615544118648,
0.15694774676694073,36.913086913086914,0.38380042253937047,0.3808430857514928,0.23535649170913675,
0.15695094113758704,37.01298701298701,0.44340187305544615,0.32410412888677215,0.2324939980577817,
0.15696421258476506,37.112887112887115,0.4261026468387528,0.3406808582610561,0.23321649490019108,
0.156971321760006,37.21278721278721,0.29415597144047007,0.4663987004108949,0.23944532814863506,
0.15699811501383565,37.31268731268731,0.30129574284543564,0.45980334914411686,0.2389009080104475,
0.15699864498748575,37.41258741258741,0.41738655385279017,0.3492446297569707,0.23336881639023918,
0.15700675951239987,37.51248751248751,0.37549380410349814,0.3892044326711441,0.23530176322535779,
0.15706631222335793,37.612387612387614,0.41444440803814847,0.3525629861430959,0.23299260581875567,
0.15707808063696072,37.71228771228771,0.4081929135654356,0.35860658969357856,0.23320049674098586,
0.15708254550914805,37.812187812187815,0.4341020295830001,0.33396528951530213,0.23193268090169777,
0.1570927399517231,37.91208791208791,0.3603152799224378,0.4043162241360379,0.2353684959415243,
0.15713215507037429,38.01198801198801,0.4195080398405449,0.34824286614149724,0.23224909401795785,
0.1571397225748704,38.11188811188811,0.44451170752175245,0.32448757190599437,0.23100072057225318,
0.15716946651929642,38.21178821178821,0.3056880066438184,0.4569276737147672,0.23738431964141438,
0.15719847262623657,38.311688311688314,0.39513449958882013,0.3719617920016532,0.23290370840952668,
0.1572151108917686,38.41158841158841,0.4100101720879156,0.3579214261558854,0.23206840175619897,
0.15723106944741141,38.51148851148851,0.28035087558722477,0.48152833254124616,0.2381207918715291,
0.15726993321995839,38.61138861138861,0.31629575873184207,0.44759161994462104,0.23611262132353686,
0.15727222451259348,38.71128871128871,0.4436630235373233,0.32630685150785127,0.23003012495482544,
0.15731348367068146,38.81118881118881,0.28738268370832926,0.47546019938746614,0.2371571169042046,
0.15735363368773664,38.91108891108891,0.45409724363552445,0.3169906548148458,0.22891210154962977,
0.15737886560423764,39.010989010989015,0.42109663552956506,0.3486123529309483,0.23029101153948667,
0.15738286925509298,39.11088911088911,0.28701795089285326,0.4763369860593881,0.23664506304775865,
0.1573844385928809,39.21078921078921,0.35474342851504964,0.4118484552727377,0.23340811621221266,
0.15741003456559632,39.31068931068931,0.45321347724045263,0.31826268442001404,0.22852383833953333,
0.1574140185368499,39.41058941058941,0.3308173306916174,0.4348609319844142,0.2343217373239684,
0.1574452652579962,39.51048951048951,0.3996056355133269,0.3695866266592469,0.23080773782742622,
0.15744833749552,39.61038961038961,0.2909281141687727,0.4731125500649555,0.23595933576627182,
0.15746389447842946,39.71028971028971,0.44283605615009686,0.32855690903698204,0.22860703481292113,
0.15747098510295704,39.81018981018981,0.3515576422802181,0.4155429018652327,0.23289945585454927,
0.1574988865127723,39.91008991008991,0.4093016212152692,0.36076148513083744,0.2299368936538934,
0.15754231856034764,40.00999000999001,0.29166071808794874,0.4731319203111609,0.2352073616008903,
0.157574935685489,40.10989010989011,0.37845063639132287,0.39072366423278615,0.23082569937589098,
0.15757514417988214,40.20979020979021,0.28987480879528355,0.4750832517437354,0.23504193946098106,
0.15761168570417053,40.30969030969031,0.4367712796209822,0.3354605591172889,0.22776816126172889,
0.15761434339519254,40.40959040959041,0.4441700904582337,0.3284343456819935,0.22739556385977283,
0.15761906092521133,40.50949050949051,0.33718407912918497,0.43036185972921226,0.23245406114160277,
0.15764157662269765,40.60939060939061,0.3972863820557527,0.3732933246522339,0.2294202932920134,
0.1576475891440118,40.70929070929071,0.2803910918119052,0.484668135498084,0.2349407726900108,
0.15766953868536018,40.80919080919081,0.4253925296688685,0.34673889868705654,0.22786857164407498,
